 question_id | role_id 
-------------+---------
           1 |       3
           1 |       1
           1 |       5
           1 |       2
           2 |       3
           2 |       1
           2 |       5
           2 |       2
           3 |       4
           3 |       2
           4 |       4
           4 |       2
           5 |       2
           5 |       4
           6 |       1
           6 |       3
           7 |       2
           7 |       4
           8 |       4
           8 |       2
(20 rows)

